$ 1 0.000005 10.20027730826997 50 5 50 5e-11
R 640 128 592 96 0 0 40 10 0 0 0.5
r 816 112 960 112 0 1000
w 816 144 816 112 0
g 960 112 976 208 0 0
g 1120 112 1120 176 0 0
p 816 112 912 48 3 0 0 10000000
w 912 48 1120 112 0
d 640 128 720 144 2 default
t 640 224 720 224 0 -1 -0.6375968189263013 -0.6780846381800352 100 default
r 640 224 640 128 0 1000
r 720 240 720 304 0 1000
162 720 304 720 384 2 default-led 1 0 0 0.01
g 720 384 720 432 0 0
w 720 144 816 144 0
R 848 288 848 352 0 0 40 16 0 0 0.5
w 848 288 720 208 0
d 848 288 816 144 2 default
x 1069 266 1591 269 4 24 If\sA\s\s(less\sdiode\sdrop)\s>\sB\s\sTHEN\sLED\sGOES\sON
x 895 353 939 356 4 24 <<A
x 511 106 555 109 4 24 B>>

